latitude,longitude
12.9179673,77.6318989
12.9179737,77.6320332
12.9179526,77.6306682
12.917983,77.6306123
12.9179526,77.6306682
12.9179834,77.6318032
12.9182093,77.6298067
12.9179588,77.6319548
12.8852088,77.6262265
12.8940099,77.622911
12.9162107,77.6323128
12.9176571,77.6330288
12.9186136,77.6308808
12.9223091,77.6269425
12.9159369,77.6265845
12.9159369,77.6265845
12.928812,77.6226461
12.9543307,77.5438496
12.9543307,77.5438496
12.9543307,77.5438496
12.9543307,77.5438496
12.9543307,77.5438496
12.9543307,77.5438496
12.9543307,77.5438496
12.9543307,77.5438496
12.9543307,77.5438496
12.9543307,77.5438496
12.9543307,77.5438496
12.9179526,77.6306682
12.917962,77.6306347
12.9181577,77.6321898
12.9183719,77.6320555
12.9181018,77.6319437
12.9178906,77.6319938
12.9180283,77.632022
12.9180724,77.632022
12.9180167,77.6320108
12.9179537,77.6306906
12.9179526,77.6306682
12.9180189,77.6320555
12.9179968,77.6320555
12.918698,77.6324136
12.9179336,77.6318877
12.918,77.6321227
12.9179085,77.6306682
12.9179085,77.6306682
12.9180724,77.632022
12.9179642,77.6306794
12.9179075,77.6320332
12.9179957,77.6320332
12.9179327,77.6321003
12.9180262,77.6319772
12.9179526,77.6306682
12.9178906,77.6319938
12.9178865,77.6320555
12.9176231,77.6311605
12.917941,77.6306571
12.917947,77.6306782
12.9179526,77.6306682
12.917947,77.6306782
12.9179526,77.6306682
12.9162107,77.6323128
12.9183887,77.6319437
12.9180555,77.6318989
12.9178895,77.6318877
12.9179305,77.6306682
12.9179526,77.6306682
12.9179284,77.6306235
12.9179504,77.6306235
12.917941,77.6306571
12.9179642,77.6306794
12.9179537,77.6306906
12.9179526,77.6306682
12.9180283,77.632022
12.9179463,77.6319213
12.9179294,77.6306459
12.9179294,77.6306459
12.9179042,77.6305787
12.917941,77.6306571
12.9179294,77.6306459
12.9179526,77.6306682
12.9178477,77.6321674
12.917942,77.6318318
12.917941,77.6306571
12.9181228,77.6319213
12.9181679,77.6305564
12.917947,77.6306782
12.917947,77.6306782
12.9217399,77.6298067
12.9178886,77.6321003
12.9181407,77.6306794
12.917947,77.6306782
12.9179294,77.6306459
12.9179515,77.6306459
12.917947,77.6306782
12.917941,77.6306571
12.9179747,77.6320555
12.9179527,77.6320555
12.917984,77.631787
12.9181564,77.6319325
12.9180662,77.6321227
12.9178906,77.6319938
12.9179526,77.6306682
12.9179526,77.6306682
12.9179494,77.6306011
12.9179169,77.6319996
12.9180566,77.6319213
12.9181628,77.6320667
12.917962,77.6306347
12.9179655,77.6323241
12.91764,77.6326708
12.91764,77.6326708
12.9178904,77.6305228
12.9178904,77.6305228
12.9178904,77.6305228
12.9178904,77.6305228
12.91764,77.6326708
12.91764,77.6326708
12.91764,77.6326708
12.9303132,77.6097559
12.91764,77.6326708
12.91764,77.6326708
12.9162107,77.6323128
12.9162107,77.6323128
12.9162107,77.6323128
12.9182742,77.6324315
12.9179526,77.6306682
12.9179526,77.6306682
12.9179737,77.6320332
12.918042,77.6320779
12.9179349,77.6321451
12.9172768,77.6317647
12.9180609,77.6320108
12.917947,77.6306782
12.9179526,77.6306682
12.9179526,77.6306682
12.9179725,77.6306235
12.9179515,77.6306459
12.9179338,77.6321227
12.9179812,77.6321898
12.9179537,77.6320779
12.9179315,77.631843
12.9179893,77.6318989
12.9179694,77.6319437
12.9177656,77.6320667
12.9179633,77.630892
12.9179526,77.6306682
12.9179305,77.6306682
12.9179526,77.6306682
12.9179747,77.6306682
12.9180189,77.6320555
12.9180797,77.6319437
12.9179651,77.6318542
12.9178286,77.6319996
12.9180399,77.6320332
12.9180189,77.6320555
12.9179526,77.6306682
12.9179526,77.6306682
12.9179526,77.6306682
12.918105,77.6320108
12.9180724,77.632022
12.918105,77.6320108
12.9179915,77.6319437
12.9180598,77.6319884
12.918105,77.6320108
12.9180851,77.6320555
12.9179526,77.6306682
12.9179305,77.6306682
12.9179588,77.6319548
12.9178904,77.6305228
12.91764,77.6326708
12.91764,77.6326708
12.91764,77.6326708
12.9178904,77.6305228
12.9178904,77.6305228
12.9178904,77.6305228
12.9178904,77.6305228
12.9178904,77.6305228
12.9178904,77.6305228
12.91764,77.6326708
12.91764,77.6326708
12.9169852,77.6337449
12.91629,77.6265845
12.91764,77.6326708
12.91764,77.6326708
12.9178853,77.6306459
12.9178962,77.6306544
12.9180356,77.6319437
12.918063,77.6320555
12.9179936,77.6319884
12.9179299,77.6319729
12.9180377,77.6319884
12.9180934,77.6319996
12.9179074,77.6306459
12.9179997,77.6305004
12.918052,77.6317061
12.9180189,77.6320555
12.9178853,77.6306459
12.9178853,77.6306459
12.9178853,77.6306459
12.9181954,77.6320555
12.9180808,77.631966
12.9180388,77.6320108
12.9178959,77.632022
12.9178853,77.6306459
12.9179074,77.6306459
12.9178853,77.6306459
12.9178096,77.6321441
12.9179525,77.6321346
12.9180009,77.6319101
12.9178853,77.6306459
12.9179299,77.6319729
12.9179085,77.6306682
12.9179179,77.6306347
12.9179074,77.6306459
12.9179074,77.6306459
12.9179074,77.6306459
12.9179085,77.6306682
12.9179284,77.6306235
12.9179915,77.6319437
12.917874,77.6321382
12.917999,77.6319606
12.9179801,77.6319852
12.9179801,77.6319852
12.9179801,77.6319852
12.9179801,77.6319852
12.9179801,77.6319852
12.9180019,77.6319788
12.9180837,77.6318904
12.9180181,77.6318944
12.9163129,77.6313627
12.9180009,77.6319326
12.9180009,77.6319326
12.9180009,77.6319326
12.9180532,77.6319492
12.9181379,77.6317951
12.9179474,77.6319792
12.9178365,77.6306066
12.9178365,77.6306066
12.9178365,77.6306066
12.9178365,77.6306066
12.9180053,77.6320048
12.9180053,77.6320048
12.9180274,77.6319447
12.9179947,77.6319554
12.918021,77.6320065
12.9178755,77.6320722
12.9179706,77.631945
12.9179747,77.6319278
12.9181568,77.6321034
12.9178603,77.6306964
12.9153725,77.6301979
12.9179026,77.630564
12.9179026,77.630564
12.9179026,77.630564
12.9180384,77.6319643
12.9179751,77.6318303
12.9179179,77.6306347
12.9179957,77.6320332
12.9180892,77.6319101
12.9182701,77.6320641
12.9178853,77.6306459
12.9179074,77.6306459
12.9178853,77.6306459
12.9179074,77.6306459
12.9178841,77.6319886
12.9179299,77.6319729
12.9174355,77.6318542
12.9179074,77.6306459
12.9178962,77.6306544
12.91764,77.6326708
12.9178904,77.6305228
12.919018,77.6319548
12.919018,77.6319548
12.9186136,77.6308808
12.9180797,77.6319437
12.9178962,77.6306544
12.9180304,77.6320667
12.9180167,77.6320108
12.9179052,77.6306011
12.917947,77.6306782
12.9179526,77.6306682
12.9180093,77.6318542
12.9180851,77.6320555
12.9176571,77.6330288
12.9176571,77.6330288
12.9186136,77.6308808
12.9186136,77.6308808
12.9170023,77.6341029
12.8865459,77.6247666
12.9162107,77.6323128
12.9186136,77.6308808
12.9159369,77.6265845
12.9159369,77.6265845
12.9159369,77.6265845
12.9223091,77.6269425
12.9514025,77.5416999
12.9180776,77.6318989
12.9180324,77.6318765
12.9179526,77.6306682
12.9179736,77.6306459
12.9179284,77.6306235
12.9179642,77.6306794
12.9179947,77.6320108
12.9181029,77.631966
12.9180797,77.6319437
12.9122768,77.6377276
12.9179642,77.6306794
12.9179642,77.6306794
12.9179537,77.6306906
12.9179863,77.6320667
12.9180283,77.632022
12.9180555,77.6318989
12.9179352,77.6319739
12.9179537,77.6306906
12.918126,77.6319884
12.9177942,77.6310486
12.9219731,77.6273006
12.9179526,77.6306682
12.9179526,77.6306682
12.9179526,77.6306682
12.9179526,77.6306682
12.9178906,77.6319938
12.9179527,77.6320555
12.917982,77.6319772
12.9179064,77.6319501
12.9179294,77.6306459
12.917947,77.6306782
12.917947,77.6306782
12.9179526,77.6306682
12.9179526,77.6306682
12.917947,77.6306782
12.9176571,77.6330288
12.9178906,77.6319938
12.9181292,77.6320555
12.9179526,77.6306682
12.917941,77.6306571
12.917947,77.6306782
12.917947,77.6306782
12.9179526,77.6306682
12.9180345,77.6319213
12.917947,77.6306782
12.9180324,77.6318765
12.9179294,77.6306459
12.91792,77.6306794
12.9179305,77.6306682
12.917941,77.6306571
12.9179526,77.6306682
12.91764,77.6326708
12.9180639,77.631843
12.9179883,77.6318765
12.9179526,77.6306682
12.9177352,77.6321227
12.9179352,77.6319739
12.9179642,77.6306794
12.9179537,77.6306906
12.917947,77.6306782
12.9180609,77.6320108
12.9179526,77.6306682
12.9179694,77.6319437
12.917947,77.6306782
12.9179515,77.6306459
12.917947,77.6306782
12.9180135,77.6319437
12.9182185,77.6320779
12.9179412,77.6320647
12.9179526,77.6306682
12.9179526,77.6306682
12.9179526,77.6306682
12.9179515,77.6306459
12.9180356,77.6319437
12.91764,77.6326708
12.9178904,77.6305228
12.9178904,77.6305228
12.9178904,77.6305228
12.91764,77.6326708
12.91764,77.6326708
12.91764,77.6326708
12.9182742,77.6324315
12.9179642,77.6306794
12.9179526,77.6306682
12.9179747,77.6306682
12.9179747,77.6306682
12.9180545,77.6318765
12.917921,77.6318542
12.9179526,77.6306682
12.9179526,77.6306682
12.9179526,77.6306682
12.9179515,77.6306459
12.9179714,77.6306011
12.9179559,77.6321227
12.9180178,77.6320332
12.9179515,77.6306459
12.917569,77.6318765
12.919538,77.6490822
12.9180356,77.6319437
12.917957,77.6321451
12.9179085,77.6320555
12.9179305,77.6306682
12.9179305,77.6306682
12.9179526,77.6306682
12.9180135,77.6319437
12.9179526,77.6306682
12.9179737,77.6320332
12.9180011,77.6321451
12.9179515,77.6306459
12.9179526,77.6306682
12.9179526,77.6306682
12.9179526,77.6306682
12.9179504,77.6306235
12.918105,77.6320108
12.9179463,77.6319213
12.9179526,77.6306682
12.9179526,77.6306682
12.9179526,77.6306682
12.9180598,77.6319884
12.9180851,77.6320555
12.91764,77.6326708
12.91764,77.6326708
12.91764,77.6326708
12.91764,77.6326708
12.91764,77.6326708
12.9178904,77.6305228
12.9178904,77.6305228
12.9178904,77.6305228
12.91764,77.6326708
12.91629,77.6265845
12.91764,77.6326708
12.91764,77.6326708
12.91629,77.6265845
12.91764,77.6326708
12.9178853,77.6306459
12.9178853,77.6306459
12.9178853,77.6306459
12.9178737,77.6306347
12.9178962,77.6306544
12.9180052,77.6319996
12.9179842,77.632022
12.9180167,77.6320108
12.736225,77.8250079
12.7197149,77.8711423
12.3088581,78.4898565
12.3045932,78.7937331
12.2506567,79.0689087
12.9180009,77.6319101
12.9183813,77.6321984
12.9179799,77.6319325
12.9179988,77.6303548
12.9180609,77.6320108
12.9179893,77.6318989
12.9178853,77.6306459
12.9178853,77.6306459
12.9178853,77.6306459
12.9178853,77.6306459
12.9180872,77.6321003
12.9178853,77.6306459
12.9180262,77.6319772
12.9179693,77.6318856
12.9178853,77.6306459
12.9178853,77.6306459
12.9179074,77.6306459
12.9178853,77.6306459
12.9178853,77.6306459
12.9179411,77.6320775
12.9179957,77.6320332
12.9179085,77.6306682
12.9179677,77.6319374
12.9179984,77.6319599
12.917999,77.6319606
12.9179801,77.6319852
12.9179801,77.6319852
12.9163129,77.6313627
12.9180009,77.6319326
12.9180009,77.6319326
12.9180009,77.6319326
12.9180009,77.6319326
12.9180009,77.6319326
12.9180009,77.6319326
12.9180009,77.6319326
12.9180009,77.6319326
12.9172983,77.6356561
12.9180474,77.6319599
12.9179926,77.631984
12.9180404,77.6319699
12.9179793,77.6319455
12.9179793,77.6319455
12.9178365,77.6306066
12.9179449,77.6318824
12.9179673,77.6319405
12.9180349,77.6319034
12.9180067,77.6310981
12.9179947,77.6319554
12.9179328,77.631884
12.9177782,77.6308788
12.9177782,77.6308788
12.9177782,77.6308788
12.9177782,77.6308788
12.9177782,77.6308788
12.9180478,77.6319415
12.5103893,77.6347176
12.5103893,77.6347176
12.9179785,77.6319252
12.91769,77.6304572
12.9180017,77.6319636
12.9180727,77.6319483
12.9179135,77.6319684
12.9180663,77.6319241
12.9179751,77.6318303
12.9179751,77.6318303
12.9179751,77.6318303
12.9179751,77.6318303
12.9179179,77.6306347
12.9179505,77.6320108
12.9178841,77.6319886
12.9179074,77.6306459
12.9178962,77.6306544
12.9180146,77.631966
12.9179074,77.6306459
12.917957,77.6321451
12.9178841,77.6319886
12.9179441,77.6318765
12.9178962,77.6306544
12.9179883,77.6318765
12.9178904,77.6305228
12.9162278,77.6326708
12.917976,77.6323128
12.9180335,77.6318989
12.9179682,77.630534
12.9179074,77.6306459
12.9179074,77.6306459
12.9179179,77.6306347
12.9179495,77.6319884
12.9179273,77.6306011
12.9178906,77.6319938
12.9183499,77.6320555
12.917947,77.6306782
12.9180198,77.631843
12.9179735,77.6317982
12.9176571,77.6330288
12.9223091,77.6269425
12.9223091,77.6269425
12.9227649,77.6290907
12.9227649,77.6290907
12.9176571,77.6330288
12.9162107,77.6323128
12.9162107,77.6323128
12.9223091,77.6269425
12.9223091,77.6269425
12.9223091,77.6269425
12.9176571,77.6330288
12.8852088,77.6262265
12.9068607,77.6287327
12.8940099,77.622911
12.9159369,77.6265845
12.9516691,77.5399084
12.9521777,77.5431331
12.9543307,77.5438496
12.9179526,77.6306682
12.9179284,77.6306235
12.9179736,77.6306459
12.9180577,77.6319437
12.9179526,77.6306682
12.9179294,77.6306459
12.9179642,77.6306794
12.917941,77.6306571
12.9179642,77.6306794
12.9179642,77.6306794
12.9179642,77.6306794
12.917947,77.6306782
12.9180326,77.6321115
12.9179736,77.6306459
12.9179526,77.6306682
12.9179537,77.6306906
12.9179316,77.6306906
12.9179642,77.6306794
12.917947,77.6306782
12.9179747,77.6306682
12.9178854,77.6320332
12.9179715,77.6319884
12.9179747,77.6320555
12.917941,77.6306571
12.9179779,77.6321227
12.9179758,77.6320779
12.91794,77.632022
12.9180377,77.6319884
12.9180915,77.6321898
12.9180502,77.6319858
12.917947,77.6306782
12.9179957,77.6320332
12.9180262,77.6319772
12.9179526,77.6306682
12.9180221,77.6321227
12.917898,77.6320667
12.917947,77.6306782
12.9179526,77.6306682
12.9169852,77.6337449
12.918312,77.6319549
12.9183751,77.6321227
12.9180356,77.6319437
12.9179526,77.6306682
12.9179526,77.6306682
12.9179526,77.6306682
12.917941,77.6306571
12.917947,77.6306782
12.917947,77.6306782
12.9180219,77.6318877
12.9180367,77.631966
12.9178895,77.6318877
12.917941,77.6306571
12.9179526,77.6306682
12.9179294,77.6306459
12.9180262,77.6319772
12.9179188,77.6318094
12.9179352,77.6319739
12.9179747,77.6306682
12.9179526,77.6306682
12.9179526,77.6306682
12.9181103,77.6321227
12.9180975,77.6318542
12.9179526,77.6306682
12.9179526,77.6306682
12.9179515,77.6306459
12.917947,77.6306782
12.917947,77.6306782
12.9180178,77.6320332
12.9180335,77.6318989
12.9180673,77.6321451
12.91794,77.632022
12.9180861,77.6320779
12.9179884,77.6321115
12.9179642,77.6306794
12.9180787,77.6319213
12.9180157,77.6319884
12.9180703,77.6319772
12.9181459,77.6319437
12.91764,77.6326708
12.9178904,77.6305228
12.9178904,77.6305228
12.9178904,77.6305228
12.9178904,77.6305228
12.9178904,77.6305228
12.9178904,77.6305228
12.91764,77.6326708
12.9178904,77.6305228
12.91764,77.6326708
12.9169852,77.6337449
12.9162107,77.6323128
12.9169852,77.6337449
12.9179305,77.6306682
12.9179526,77.6306682
12.9179526,77.6306682
12.9179526,77.6306682
12.917941,77.6306571
12.9179526,77.6306682
12.9180304,77.6320667
12.9184881,77.6320865
12.9179747,77.6306682
12.9180135,77.6319437
12.9180367,77.631966
12.9179526,77.6306682
12.9179526,77.6306682
12.9179747,77.6306682
12.9179725,77.6306235
12.9179212,77.6320891
12.9178359,77.6319213
12.9180094,77.6320891
12.9180093,77.6318542
12.917962,77.6306347
12.9180399,77.6320332
12.9178359,77.6319213
12.9178286,77.6319996
12.9179526,77.6306682
12.9181459,77.6319437
12.9179526,77.6306682
12.9179515,77.6306459
12.9178488,77.6321898
12.9181102,77.6318877
12.9179526,77.6306682
12.917947,77.6306782
12.9180587,77.631966
12.9179526,77.6306682
12.917947,77.6306782
12.918105,77.6320108
12.918105,77.6320108
12.9179526,77.6306682
12.9179305,77.6306682
12.9179526,77.6306682
12.9179872,77.6318542
12.9179694,77.6319437
12.91764,77.6326708
12.9162107,77.6323128
12.9182948,77.6315968
12.91629,77.6265845
12.91764,77.6326708
12.9178904,77.6305228
12.9178904,77.6305228
12.9178904,77.6305228
12.9162107,77.6323128
12.91764,77.6326708
12.9179588,77.6319548
12.9169852,77.6337449
12.91764,77.6326708
12.91764,77.6326708
12.91764,77.6326708
12.91629,77.6265845
12.91629,77.6265845
12.91629,77.6265845
12.91629,77.6265845
12.91629,77.6265845
12.9186136,77.6308808
12.91764,77.6326708
12.91764,77.6326708
12.9169852,77.6337449
12.9178904,77.6305228
12.9169852,77.6337449
12.9179063,77.6306235
12.9178962,77.6306544
12.9179883,77.6318765
12.8054894,77.6998746
12.4318605,78.3651008
12.3045932,78.7937331
12.3045932,78.7937331
12.2265806,79.0662489
12.231526,79.0699083
13.0573627,80.2648162
12.9181007,77.6319213
12.9180559,77.630344
12.9179903,77.630534
12.9180429,77.6318654
12.9178455,77.6307354
12.9180167,77.6320108
12.9180819,77.6319884
12.9180802,77.6319168
12.9180052,77.6319996
12.9178853,77.6306459
12.9179074,77.6306459
12.9179525,77.6319307
12.917992,77.6320964
12.9178853,77.6306459
12.9181239,77.6319437
12.9179087,77.6322905
12.917921,77.6318542
12.9178853,77.6306459
12.9179074,77.6306459
12.9179179,77.6306347
12.9178864,77.6306682
12.9179284,77.6306235
12.9179947,77.6320108
12.8069684,77.8442468
12.9179801,77.6319852
12.9179801,77.6319852
12.9179801,77.6319852
12.9179801,77.6319852
12.9179801,77.6319852
12.9179801,77.6319852
12.9179879,77.6319188
12.9180837,77.6318904
12.9163129,77.6313627
12.9163129,77.6313627
12.9180007,77.6319301
12.9180009,77.6319326
12.9180009,77.6319326
12.9180009,77.6319326
12.9180009,77.6319326
12.9180009,77.6319326
12.9180009,77.6319326
12.9180009,77.6319326
12.9172983,77.6356561
12.9173082,77.6321749
12.9089448,77.6509713
12.9185643,77.6326863
12.9185643,77.6326863
12.9178365,77.6306066
12.9178365,77.6306066
12.9178365,77.6306066
12.9178365,77.6306066
12.9180053,77.6320048
12.9179703,77.6319907
12.9177962,77.6322295
12.9179334,77.6318866
12.9177782,77.6308788
12.9180457,77.6319553
12.9180692,77.6319364
12.9178603,77.6306964
12.9178603,77.6306964
12.9178603,77.6306964
12.918028,77.6319259
12.9179785,77.6319252
12.9179785,77.6319252
12.91769,77.6304572
12.91769,77.6304572
12.91769,77.6304572
12.9180011,77.6319643
12.9180011,77.6319643
12.9180011,77.6319643
12.9179832,77.6319294
12.9179695,77.6319165
12.9179026,77.630564
12.9201786,77.6252611
12.9180663,77.6319241
12.9180663,77.6319241
12.9180157,77.6319688
12.9180345,77.6319213
12.9178853,77.6306459
12.9182511,77.6320667
12.9178853,77.6306459
12.9179074,77.6306459
12.9178962,77.6306544
12.9178841,77.6319886
12.9162278,77.6326708
12.91764,77.6326708
12.9179903,77.630534
12.9181166,77.632022
12.9179299,77.6319729
12.9179074,77.6306459
12.9178515,77.6306565
12.917947,77.6306782
12.917947,77.6306782
12.917947,77.6306782
12.9179642,77.6306794
12.9180851,77.6320555
12.9176571,77.6330288
12.9227649,77.6290907
12.9182093,77.6298067
12.9186136,77.6308808
12.9227649,77.6290907
12.9176571,77.6330288
12.9162107,77.6323128
12.9223091,77.6269425
12.9186136,77.6308808
12.9223091,77.6269425
12.9223091,77.6269425
12.9223091,77.6269425
12.9162107,77.6323128
12.9176571,77.6330288
12.9176571,77.6330288
12.9176571,77.6330288
12.8852088,77.6262265
12.9186136,77.6308808
12.9159369,77.6265845
12.9543307,77.5438496
12.917962,77.6306347
12.9179642,77.6306794
12.9181239,77.6319437
12.9179516,77.6320332
12.9181303,77.6320779
12.9180388,77.6320108
12.9171145,77.635065
12.9179526,77.6306682
12.9179526,77.6306682
12.9179526,77.6306682
12.9179526,77.6306682
12.9179642,77.6306794
12.918084,77.6320332
12.9180011,77.6321451
12.9180011,77.6321451
12.9179064,77.6319501
12.9179107,77.6321003
12.9179642,77.6306794
12.9178906,77.6319938
12.9178644,77.6320555
12.9180221,77.6321227
12.9178906,77.6319938
12.9179779,77.6321227
12.9178168,77.6303662
12.9179526,77.6306682
12.9180409,77.6320555
12.9179318,77.6317554
12.9180409,77.6320555
12.9179957,77.6320332
12.9180367,77.631966
12.9179642,77.6306794
12.9179537,77.6306906
12.9179537,77.6306906
12.916807,77.6316304
12.9180167,77.6320108
12.917947,77.6306782
12.917947,77.6306782
12.9178822,77.631966
12.9179473,77.6319437
12.9179673,77.6318989
12.9162107,77.6323128
12.9179968,77.6320555
12.9180071,77.6318094
12.9179893,77.6318989
12.9179431,77.6318542
12.9179526,77.6306682
12.9180312,77.6304669
12.9179704,77.6305787
12.9179515,77.6306459
12.917947,77.6306782
12.917728,77.6310486
12.9180146,77.631966
12.9179526,77.6306682
12.9180221,77.6321227
12.9179559,77.6321227
12.9179904,77.6319213
12.917947,77.6306782
12.9179179,77.6306347
12.9179294,77.6306459
12.9179294,77.6306459
12.917941,77.6306571
12.918387,77.6312165
12.9180093,77.6318542
12.9179526,77.6306682
12.9179526,77.6306682
12.9178633,77.6320332
12.9178687,77.6321451
12.917947,77.6306782
12.917947,77.6306782
12.917947,77.6306782
12.9179642,77.6306794
12.9179642,77.6306794
12.9179526,77.6306682
12.9178055,77.6319772
12.9180577,77.6319437
12.918063,77.6320555
12.9182185,77.6320779
12.9179305,77.6306682
12.9179515,77.6306459
12.917947,77.6306782
12.917947,77.6306782
12.9180829,77.6320108
12.9181187,77.6320667
12.9180829,77.6320108
12.9182711,77.6320697
12.9179526,77.6306682
12.9180377,77.6319884
12.9180283,77.632022
12.9180682,77.6319325
12.9179642,77.6306794
12.9180326,77.6321115
12.9169852,77.6337449
12.9178904,77.6305228
12.9178904,77.6305228
12.9162107,77.6323128
12.9169852,77.6337449
12.9179526,77.6306682
12.917947,77.6306782
12.9179526,77.6306682
12.9179526,77.6306682
12.9179118,77.6321227
12.9178747,77.6318094
12.9180103,77.6318765
12.9179526,77.6306682
12.9177519,77.6320108
12.917947,77.6306782
12.917947,77.6306782
12.9179526,77.6306682
12.9182395,77.6320555
12.917941,77.6306571
12.917921,77.6318542
12.9179305,77.6306682
12.9179526,77.6306682
12.9179526,77.6306682
12.9179515,77.6306459
12.9179747,77.6306682
12.918105,77.6320108
12.918084,77.6320332
12.9179526,77.6306682
12.9179526,77.6306682
12.9179526,77.6306682
12.9179526,77.6306682
12.9179526,77.6306682
12.9179526,77.6306682
12.9179294,77.6306459
12.9179526,77.6306682
12.9179526,77.6306682
12.9179526,77.6306682
12.9180577,77.6319437
12.9179936,77.6319884
12.9162107,77.6323128
12.9178904,77.6305228
12.9178904,77.6305228
12.9178904,77.6305228
12.91764,77.6326708
12.9178904,77.6305228
12.91629,77.6265845
12.91629,77.6265845
12.9178904,77.6305228
12.9178904,77.6305228
12.9179588,77.6319548
12.9178853,77.6306459
12.9178853,77.6306459
12.9178853,77.6306459
12.9178853,77.6306459
12.9178853,77.6306459
12.9178853,77.6306459
12.7197149,77.8711423
12.893145,77.615098
12.4318605,78.3651008
12.2301609,79.0691739
12.250411,79.0692701
12.9180724,77.632022
12.9180598,77.6319884
12.9179872,77.6318542
12.9180577,77.6319437
12.9178853,77.6306459
12.9180934,77.6319996
12.9179979,77.6320779
12.9180377,77.6319884
12.918024,77.6319325
12.9178853,77.6306459
12.9178853,77.6306459
12.9179074,77.6306459
12.9178853,77.6306459
12.9178853,77.6306459
12.9178853,77.6306459
12.9154534,77.6364746
12.9178853,77.6306459
12.9178853,77.6306459
12.9188086,77.6314962
12.9180324,77.6318765
12.9179074,77.6306459
12.9179074,77.6306459
12.9179043,77.631966
12.918044,77.631975
12.917944,77.6319246
12.9179801,77.6319852
12.9179801,77.6319852
12.9179801,77.6319852
12.9179801,77.6319852
12.9178693,77.6306611
12.9163129,77.6313627
12.9179839,77.6319287
12.9179474,77.6319792
12.9179793,77.6319455
12.9179793,77.6319455
12.9178365,77.6306066
12.9178365,77.6306066
12.9179421,77.6318835
12.9179863,77.6319276
12.9180067,77.6310981
12.9177782,77.6308788
12.9180387,77.6319457
12.9180386,77.6319457
12.9179706,77.6319629
12.9178603,77.6306964
12.91769,77.6304572
12.91769,77.6304572
12.9180492,77.6318956
12.9180718,77.6319476
12.9180696,77.6319509
12.9179455,77.6319711
12.9176665,77.6318157
12.9180663,77.6319241
12.9180663,77.6319241
12.9180663,77.6319241
12.9184618,77.6321224
12.9184618,77.6321224
12.9180178,77.6320332
12.9179284,77.6306235
12.9179063,77.6306235
12.9179063,77.6306235
12.9180146,77.631966
12.9180377,77.6319884
12.9180009,77.6319101
12.9178822,77.631966
12.9179052,77.6306011
12.9179074,77.6306459
12.9162278,77.6326708
12.9170645,77.6280166
12.9176525,77.6328168
12.9162278,77.6326708
12.9178904,77.6305228
12.9179074,77.6306459
12.9178676,77.6321227
12.9179661,77.6304892
12.9179726,77.6320108
12.9178601,77.631966
12.9178853,77.6306459
12.9180808,77.631966
12.9179273,77.6306011
12.9179157,77.6305899
12.9180367,77.631966
12.918105,77.6320108
12.9179526,77.6306682
12.9179747,77.6306682
12.917947,77.6306782
12.917947,77.6306782
12.9179642,77.6306794
12.917947,77.6306782
12.9162107,77.6323128
12.9176571,77.6330288
12.9223091,77.6269425
12.9186136,77.6308808
12.9227649,77.6290907
12.9162107,77.6323128
12.9042884,77.6311669
12.9227649,77.6290907
12.9176571,77.6330288
12.9159369,77.6265845
12.9159369,77.6265845
12.9159369,77.6265845
12.9223091,77.6269425
12.9543307,77.5438496
12.9543307,77.5438496
12.9543307,77.5438496
12.9180146,77.631966
12.9179526,77.6306682
12.9179736,77.6306459
12.917962,77.6306347
12.9179642,77.6306794
12.9180189,77.6320555
12.9179294,77.6306459
12.9180977,77.6320891
12.9178906,77.6319938
12.9180609,77.6320108
12.9180829,77.6320108
12.917951,77.6305761
12.9179526,77.6306682
12.917941,77.6306571
12.9180198,77.631843
12.9179747,77.6320555
12.918042,77.6320779
12.917947,77.6306782
12.917947,77.6306782
12.9179085,77.6306682
12.9179863,77.6320667
12.917961,77.6305654
12.9179642,77.6306794
12.918084,77.6320332
12.9179526,77.6306682
12.917947,77.6306782
12.9179957,77.6320332
12.9180262,77.6319772
12.9180189,77.6320555
12.9177783,77.6321003
12.917947,77.6306782
12.9179526,77.6306682
12.9179736,77.6306459
12.9180103,77.6318765
12.9176571,77.6330288
12.9162107,77.6323128
12.9179673,77.6318989
12.9180009,77.6319101
12.9178749,77.6320444
12.9178906,77.6319938
12.9185295,77.6321089
12.9180324,77.6318765
12.9179526,77.6306682
12.9179526,77.6306682
12.9179526,77.6306682
12.9179305,77.6306682
12.9179526,77.6306682
12.917947,77.6306782
12.917728,77.6310486
12.9180219,77.6318877
12.9179274,77.6319884
12.9180221,77.6321227
12.9179516,77.6320332
12.9181727,77.6314307
12.9179179,77.6306347
12.9179294,77.6306459
12.9180345,77.6319213
12.9179422,77.6320667
12.9179758,77.6320779
12.9180167,77.6320108
12.9177498,77.631966
12.9179526,77.6306682
12.9179537,77.6306906
12.9162107,77.6323128
12.9177865,77.6318094
12.9179989,77.6321003
12.9257542,77.6251524
12.9179074,77.6306459
12.9179537,77.6306906
12.9178906,77.6319938
12.9179737,77.6320332
12.9179747,77.6320555
12.9180673,77.6321451
12.9182711,77.6320697
12.9179526,77.6306682
12.9179526,77.6306682
12.9179526,77.6306682
12.9179526,77.6306682
12.918063,77.6320555
12.9179924,77.6305787
12.91764,77.6326708
12.91764,77.6326708
12.9178904,77.6305228
12.9178904,77.6305228
12.9169852,77.6337449
12.91764,77.6326708
12.91764,77.6326708
12.9169852,77.6337449
12.9179526,77.6306682
12.9179537,77.6306906
12.9179526,77.6306682
12.917941,77.6306571
12.9179526,77.6306682
12.9179778,77.6318877
12.9179515,77.6306459
12.9179526,77.6306682
12.9178612,77.6319884
12.9179769,77.6321003
12.9179904,77.6319213
12.9189596,77.6323464
12.9178444,77.630713
12.9179305,77.6306682
12.9181061,77.6320332
12.9179537,77.6320779
12.9181217,77.6318989
12.918147,77.631966
12.9180219,77.6318877
12.9178286,77.6319996
12.9180304,77.6320667
12.9179526,77.6306682
12.9179526,77.6306682
12.9179526,77.6306682
12.917947,77.6306782
12.9180441,77.6321227
12.9180787,77.6319213
12.918105,77.6320108
12.9179526,77.6306682
12.918105,77.6320108
12.918084,77.6320332
12.9179526,77.6306682
12.917947,77.6306782
12.9217399,77.6298067
12.91629,77.6265845
12.91629,77.6265845
12.91764,77.6326708
12.91764,77.6326708
12.9178904,77.6305228
12.9178904,77.6305228
12.9162107,77.6323128
12.91764,77.6326708
12.91764,77.6326708
12.9169852,77.6337449
12.91764,77.6326708
12.9178904,77.6305228
12.91629,77.6265845
12.91629,77.6265845
12.9169852,77.6337449
12.9169852,77.6337449
12.91764,77.6326708
12.9169852,77.6337449
12.9178853,77.6306459
12.9178853,77.6306459
12.9178853,77.6306459
12.9180587,77.631966
12.9163754,77.6239442
12.9116515,77.6259152
12.2296662,79.0649359
15.5291032,76.6337014
12.2506567,79.0689087
12.9182175,77.6320555
12.9180082,77.6318318
12.9178962,77.6306544
12.9179753,77.6302207
12.9178559,77.6318765
12.918084,77.6320332
12.9178853,77.6306459
12.9178853,77.6306459
12.9179074,77.6306459
12.9180526,77.6319442
12.9180399,77.6320332
12.9178962,77.6306544
12.9178853,77.6306459
12.9178853,77.6306459
12.9178853,77.6306459
12.9178853,77.6306459
12.9178151,77.6307176
12.9161061,77.6359321
12.9178853,77.6306459
12.9179074,77.6306459
12.9179074,77.6306459
12.9179074,77.6306459
12.9179179,77.6306347
12.917955,77.6319297
12.917955,77.6319297
12.6364219,78.1673554
12.9179801,77.6319852
12.9179801,77.6319852
12.9180837,77.6318904
12.9163129,77.6313627
12.9180009,77.6319326
12.9180009,77.6319326
12.9173082,77.6321749
12.918002,77.6319865
12.9180474,77.6319599
12.9179967,77.6319191
12.9089448,77.6509713
12.9178361,77.6306062
12.9178365,77.6306066
12.9178365,77.6306066
12.9178365,77.6306066
12.9178365,77.6306066
12.9178365,77.6306066
12.9178365,77.6306066
12.9178365,77.6306066
12.9178365,77.6306066
12.9179857,77.6319244
12.9179788,77.6319779
12.9179354,77.6319545
12.9180067,77.6310981
12.9180067,77.6310981
12.9177851,77.6311443
12.9177782,77.6308788
12.9177782,77.6308788
12.9177782,77.6308788
12.9177782,77.6308788
12.9177782,77.6308788
12.9180423,77.6319421
12.9178603,77.6306964
12.9179785,77.6319252
12.91769,77.6304572
12.91769,77.6304572
12.91769,77.6304572
12.918049,77.6318959
12.9180011,77.6319643
12.9180696,77.6319509
12.9179026,77.630564
12.9179938,77.6319996
12.9180843,77.6316531
12.9178373,77.6322299
12.9180663,77.6319241
12.9180663,77.6319241
12.9184618,77.6321224
12.9179795,77.6319874
12.9179751,77.6318303
12.9179751,77.6318303
12.9178841,77.6319886
12.9180682,77.6319325
12.9180324,77.6318765
12.9185065,77.6321003
12.9179883,77.6318765
12.9178853,77.6306459
12.9179747,77.6320555
12.9180157,77.6319884
12.9179074,77.6306459
12.9180146,77.631966
12.9179915,77.6319437
12.9179947,77.6320108
12.9180577,77.6319437
12.9178904,77.6305228
12.9186136,77.6308808
12.9179295,77.6320332
12.9178854,77.6320332
12.9180326,77.6321115
12.918063,77.6320555
12.9178979,77.6318318
12.9180345,77.6319213
12.9183047,77.6320332
12.9183499,77.6320555
12.918105,77.6320108
12.9179305,77.6306682
12.917947,77.6306782
12.917947,77.6306782
12.9179747,77.6306682
12.917947,77.6306782
12.917941,77.6306571
12.9186136,77.6308808
12.9182093,77.6298067
12.9162107,77.6323128
12.9227649,77.6290907
12.9162107,77.6323128
12.9223091,77.6269425
12.9186136,77.6308808
12.9186136,77.6308808
12.9223091,77.6269425
12.9176571,77.6330288
12.9170023,77.6341029
12.9186136,77.6308808
12.9162107,77.6323128
12.9162107,77.6323128
12.9159369,77.6265845
12.9159369,77.6265845
12.9512814,77.5391918
12.9543307,77.5438496
12.9543307,77.5438496
12.9543307,77.5438496
12.9179526,77.6306682
12.9179305,77.6306682
12.9178715,77.6317423
12.9179284,77.6306235
12.9179736,77.6306459
12.917947,77.6306782
12.9181018,77.6319437
12.9179726,77.6320108
12.9179537,77.6306906
12.9179526,77.6306682
12.9179352,77.6319739
12.9178906,77.6319938
12.9181018,77.6319437
12.9182711,77.6320697
12.9181292,77.6320555
12.9179526,77.6306682
12.9179663,77.6307242
12.917947,77.6306782
12.9178906,77.6319938
12.9178906,77.6319938
12.9179465,77.6321562
12.917961,77.6305654
12.9178833,77.6319884
12.9181324,77.6321227
12.9179758,77.6320779
12.9179305,77.6306682
12.9179537,77.6306906
12.917947,77.6306782
12.917947,77.6306782
12.9179548,77.6321003
12.9180189,77.6320555
12.9179526,77.6306682
12.9180135,77.6319437
12.9179726,77.6320108
12.9179515,77.6306459
12.917947,77.6306782
12.917947,77.6306782
12.9179526,77.6306682
12.917947,77.6306782
12.917947,77.6306782
12.9179893,77.6318989
12.9176571,77.6330288
12.9179683,77.6319213
12.9179526,77.6306682
12.9179526,77.6306682
12.9179526,77.6306682
12.9180092,77.6304669
12.9179305,77.6306682
12.9179305,77.6306682
12.9179642,77.6306794
12.9179526,77.6306682
12.917947,77.6306782
12.917947,77.6306782
12.9180146,77.631966
12.917915,77.6321898
12.9180052,77.6319996
12.930968,77.6098343
12.9199759,77.6329029
12.9179526,77.6306682
12.9180135,77.6319437
12.917941,77.6306571
12.9179537,77.6306906
12.9179641,77.6318318
12.9179641,77.6318318
12.9178644,77.6320555
12.917947,77.6306782
12.917947,77.6306782
12.9180934,77.6319996
12.9180641,77.6320779
12.918118,77.631997
12.9178854,77.6320332
12.9180514,77.6320444
12.9178561,77.6321115
12.917947,77.6306782
12.917947,77.6306782
12.9179179,77.6306347
12.917947,77.6306782
12.917916,77.6322122
12.917941,77.6306571
12.9178591,77.6319437
12.9179526,77.6306682
12.9179526,77.6306682
12.9179526,77.6306682
12.9179526,77.6306682
12.9180262,77.6319772
12.9180388,77.6320108
12.9180009,77.6319101
12.9180819,77.6319884
12.9094557,77.6324807
12.9179495,77.6319884
12.9179515,77.6306459
12.9180135,77.6319437
12.9178904,77.6305228
12.9178904,77.6305228
12.9178904,77.6305228
12.9178904,77.6305228
12.91764,77.6326708
12.91629,77.6265845
12.91764,77.6326708
12.9179588,77.6319548
12.9179526,77.6306682
12.9179526,77.6306682
12.9179305,77.6306682
12.917979,77.6321451
12.9179305,77.6306682
12.9180199,77.6320779
12.9179526,77.6306682
12.9179526,77.6306682
12.9178673,77.6305004
12.9179725,77.6306235
12.9177929,77.6319437
12.9177921,77.6310039
12.9179305,77.6306682
12.9179526,77.6306682
12.9179526,77.6306682
12.9179526,77.6306682
12.9179526,77.6306682
12.9180189,77.6320555
12.9180502,77.6319858
12.9179779,77.6321227
12.9181481,77.6319884
12.9179255,77.6321786
12.9178906,77.6319938
12.9179441,77.6318765
12.9179526,77.6306682
12.9179526,77.6306682
12.9179526,77.6306682
12.9179515,77.6306459
12.9179968,77.6320555
12.9180388,77.6320108
12.9180598,77.6319884
12.9180787,77.6319213
12.917947,77.6306782
12.9179979,77.6320779
12.9181071,77.6320555
12.918084,77.6320332
12.9179526,77.6306682
12.9179305,77.6306682
12.9179526,77.6306682
12.9179526,77.6306682
12.9179305,77.6306682
12.9179526,77.6306682
12.9180157,77.6319884
12.9178904,77.6305228
12.9178904,77.6305228
12.9179588,77.6319548
12.91764,77.6326708
12.9178904,77.6305228
12.9178904,77.6305228
12.9178904,77.6305228
12.9178904,77.6305228
12.9178904,77.6305228
12.91764,77.6326708
12.91764,77.6326708
13.0289799,77.5610463
13.0289799,77.5610463
12.91764,77.6326708
12.91629,77.6265845
12.91629,77.6265845
12.91629,77.6265845
12.91764,77.6326708
12.9178904,77.6305228
12.91764,77.6326708
12.9169852,77.6337449
12.91764,77.6326708
12.9169852,77.6337449
12.9178853,77.6306459
12.9179338,77.6321227
12.9180345,77.6319213
12.9178962,77.6306544
12.9178962,77.6306544
12.7197149,77.8711423
12.9994256,77.9394959
12.2213177,79.0425523
12.9179299,77.6319729
12.9180125,77.6319213
12.9181481,77.6319884
12.9180156,77.6306011
12.9180577,77.6319437
12.9181144,77.6319772
12.9179074,77.6306459
12.9179074,77.6306459
12.9178853,77.6306459
12.9178853,77.6306459
12.9178853,77.6306459
12.9190386,77.6326149
12.918024,77.6319325
12.9180431,77.6321003
12.9180587,77.631966
12.9179212,77.6320891
12.9178853,77.6306459
12.9180643,77.6318826
12.9180157,77.6319884
12.9007717,77.6572908
12.9178853,77.6306459
12.9178853,77.6306459
12.9180388,77.6320108
12.9181416,77.6318542
12.9180006,77.6319543
12.9178962,77.6306544
12.9179074,77.6306459
12.9179715,77.6319388
12.9180232,77.6319584
12.9179988,77.6318889
12.9179789,77.6319326
12.9180336,77.6319446
12.917955,77.6319297
12.917999,77.6319606
12.917999,77.6319606
12.9179801,77.6319852
12.9179801,77.6319852
12.9179801,77.6319852
12.9179801,77.6319852
12.9179462,77.6321609
12.9180837,77.6318904
12.9163129,77.6313627
12.9163129,77.6313627
12.9180003,77.6319392
12.9180009,77.6319326
12.9180009,77.6319326
12.9180009,77.6319326
12.9180009,77.6319326
12.9180009,77.6319326
12.918003,77.631988
12.9180689,77.6320143
12.9180455,77.6319707
12.9089448,77.6509713
12.9179802,77.6319123
12.9180677,77.6319978
12.9179793,77.6319455
12.9178291,77.6306028
12.9178365,77.6306066
12.9178365,77.6306066
12.9174837,77.6328555
12.9180067,77.6310981
12.9180067,77.6310981
12.9179334,77.6318866
12.9177782,77.6308788
12.9177782,77.6308788
12.9177782,77.6308788
12.9177782,77.6308788
12.9177782,77.6308788
12.9177633,77.6321654
12.9178603,77.6306964
12.9178603,77.6306964
12.9178603,77.6306964
12.9179785,77.6319252
12.9179785,77.6319252
12.91769,77.6304572
12.91769,77.6304572
12.91769,77.6304572
12.9179026,77.630564
12.9179026,77.630564
12.9179026,77.630564
12.9180663,77.6319241
12.9179751,77.6318303
12.917963,77.6318094
12.9179262,77.6305787
12.9178853,77.6306459
12.9178841,77.6319886
12.9178962,77.6306544
12.918126,77.6319884
12.9178962,77.6306544
12.9178962,77.6306544
12.9170645,77.6280166
12.9178904,77.6305228
12.9170645,77.6280166
12.9179682,77.630534
12.9180242,77.6321674
12.9179074,77.6306459
12.9180746,77.6320667
12.9179063,77.6306235
12.9180724,77.632022
12.9180262,77.6319772
12.9178906,77.6319938
12.9179526,77.6306682
12.917947,77.6306782
12.917947,77.6306782
12.9180703,77.6319772
12.9170023,77.6341029
12.9227649,77.6290907
12.9162107,77.6323128
12.9162107,77.6323128
12.9159369,77.6265845
12.9186136,77.6308808
12.9186136,77.6308808
12.9170023,77.6341029
12.9179243,77.6320225
12.8858464,77.6247944
12.9162107,77.6323128
12.9162107,77.6323128
12.9176571,77.6330288
12.9162107,77.6323128
12.9186136,77.6308808
12.9181303,77.6320779
12.9179705,77.631966
12.9179305,77.6306682
12.917947,77.6306782
12.9180094,77.6320891
12.918042,77.6320779
12.9180388,77.6320108
12.9180369,77.632201
12.9180682,77.6319325
12.9180167,77.6320108
12.9179352,77.6319739
12.9179526,77.6306682
12.9179642,77.6306794
12.9180326,77.6321115
12.9180146,77.631966
12.9178906,77.6319938
12.9180566,77.6319213
12.9179537,77.6306906
12.917947,77.6306782
12.9184718,77.6320667
12.9179537,77.6320779
12.9172768,77.6317647
12.9179085,77.6306682
12.9179526,77.6306682
12.91792,77.6306794
12.9179495,77.6319884
12.9179212,77.6320891
12.9178693,77.6318358
12.9179284,77.6306235
12.917947,77.6306782
12.9179526,77.6306682
12.917947,77.6306782
12.9180262,77.6319772
12.9178906,77.6319938
12.9179842,77.632022
12.917947,77.6306782
12.922093,77.6298067
12.922093,77.6298067
12.9184118,77.631966
12.9178662,77.6306177
12.9179305,77.6306682
12.9179515,77.6306459
12.9179968,77.6320555
12.9179747,77.6320555
12.9180157,77.6319884
12.9179294,77.6306459
12.9179042,77.6305787
12.9179294,77.6306459
12.9179294,77.6306459
12.9179381,77.6322122
12.9178906,77.6319938
12.9179526,77.6306682
12.9180219,77.6318877
12.9179075,77.6320332
12.9180828,77.6306235
12.9180618,77.6306459
12.917947,77.6306782
12.917947,77.6306782
12.9162107,77.6323128
12.9181132,77.6317199
12.9179515,77.6306459
12.9183488,77.6320332
12.9183057,77.6320555
12.9178561,77.6321115
12.9182185,77.6320779
12.917947,77.6306782
12.9179515,77.6306459
12.917947,77.6306782
12.917947,77.6306782
12.9180146,77.631966
12.9179947,77.6320108
12.9183225,77.6319437
12.9181303,77.6320779
12.9181071,77.6320555
12.9178906,77.6319938
12.9179526,77.6306682
12.9179515,77.6306459
12.9179526,77.6306682
12.917941,77.6306571
12.9180009,77.6319101
12.9180388,77.6320108
12.9180291,77.6320557
12.91764,77.6326708
12.91764,77.6326708
12.9178904,77.6305228
12.9178904,77.6305228
12.9178904,77.6305228
12.9178904,77.6305228
12.91764,77.6326708
12.9303132,77.6097559
12.91629,77.6265845
12.9178904,77.6305228
12.9178904,77.6305228
12.91764,77.6326708
12.91764,77.6326708
12.9162107,77.6323128
12.9179526,77.6306682
12.9179526,77.6306682
12.9179305,77.6306682
12.9179526,77.6306682
12.9180705,77.6322662
12.9178601,77.631966
12.9181723,77.6320332
12.9179526,77.6306682
12.9179526,77.6306682
12.9179526,77.6306682
12.9179526,77.6306682
12.9180146,77.631966
12.917979,77.6321451
12.9179979,77.6320779
12.9180146,77.631966
12.9179915,77.6319437
12.9180189,77.6320555
12.9179515,77.6306459
12.9181061,77.6320332
12.9180934,77.6319996
12.9180545,77.6318765
12.9179673,77.6318989
12.9178737,77.6306347
12.9179526,77.6306682
12.9179526,77.6306682
12.9179537,77.6306906
12.9181071,77.6320555
12.9180441,77.6321227
12.918105,77.6320108
12.9179526,77.6306682
12.9179526,77.6306682
12.9178853,77.6306459
12.9182175,77.6320555
12.9180367,77.631966
12.9169852,77.6337449
12.9178904,77.6305228
12.91764,77.6326708
12.91764,77.6326708
12.9178904,77.6305228
12.9178904,77.6305228
12.9178904,77.6305228
12.91629,77.6265845
12.91764,77.6326708
12.9169852,77.6337449
12.91764,77.6326708
12.91764,77.6326708
12.9186136,77.6308808
12.9178904,77.6305228
12.9162107,77.6323128
12.9182093,77.6298067
12.91629,77.6265845
12.9178904,77.6305228
12.9162107,77.6323128
12.91764,77.6326708
12.91764,77.6326708
12.91764,77.6326708
12.91764,77.6326708
12.9179294,77.6306459
12.9179074,77.6306459
12.9178853,77.6306459
12.9178853,77.6306459
12.1594634,78.1633572
12.5335627,78.206834
12.3088581,78.4898565
12.222784,79.0525012
13.0664654,77.5586048
13.0664654,77.5586048
12.2576744,79.0482097
12.9170832,77.6304115
12.9179957,77.6320332
12.9179915,77.6319437
12.9179997,77.6305004
12.9180587,77.631966
12.9178853,77.6306459
12.9178853,77.6306459
12.9178853,77.6306459
12.9180703,77.6319772
12.9179726,77.6320108
12.9180283,77.632022
12.9178853,77.6306459
12.9178841,77.6319886
12.9179885,77.6319463
12.9181161,77.6318459
12.9178853,77.6306459
12.9178853,77.6306459
12.9179957,77.6320332
12.9179299,77.6319729
12.9180609,77.6320108
12.9179829,77.6319862
12.9180262,77.6319772
12.9180114,77.6318989
12.9180377,77.6319884
12.9180125,77.6319213
12.9180118,77.6319904
12.9179556,77.6305004
12.9178853,77.6306459
12.9179074,77.6306459
12.9179074,77.6306459
12.9179936,77.6319884
12.9180356,77.6319437
12.918044,77.631975
12.918044,77.631975
12.918044,77.631975
12.9179801,77.6319852
12.9179801,77.6319852
12.9179801,77.6319852
12.9179801,77.6319852
12.9179801,77.6319852
12.9179801,77.6319852
12.9180054,77.6319541
12.9180054,77.6319543
12.9163129,77.6313627
12.9163129,77.6313627
12.9179289,77.6319087
12.9180009,77.6319326
12.9180009,77.6319326
12.91808,77.6319124
12.9180455,77.6319707
12.9089448,77.6509713
12.9089448,77.6509713
12.9089448,77.6509713
12.9180282,77.6319933
12.9179793,77.6319455
12.9179793,77.6319455
12.9178365,77.6306066
12.9178365,77.6306066
12.9178365,77.6306066
12.9178365,77.6306066
12.9180053,77.6320048
12.9180349,77.6319034
12.9180067,77.6310981
12.9180067,77.6310981
12.9179334,77.6318866
12.9177782,77.6308788
12.9177782,77.6308788
12.9177782,77.6308788
12.9180399,77.6319504
12.91769,77.6304572
12.91769,77.6304572
12.91769,77.6304572
12.91769,77.6304572
12.9180041,77.6319639
12.9179026,77.630564
12.9180843,77.6316531
12.9180175,77.6319072
12.9179545,77.6319131
12.9091035,77.6552525
12.9180024,77.6319735
12.9179751,77.6318303
12.9181917,77.6319162
12.9179063,77.6306235
12.9178841,77.6319886
12.9178853,77.6306459
12.9180545,77.6318765
12.9179052,77.6306011
12.9178841,77.6319886
12.9179577,77.6305452
12.9179682,77.630534
12.9183488,77.6320332
12.9179074,77.6306459
12.917947,77.6306782
12.9179526,77.6306682
12.9180114,77.6318989
12.9227649,77.6290907
12.9227649,77.6290907
12.9223091,77.6269425
12.9223091,77.6269425
12.9186136,77.6308808
12.9223091,77.6269425
12.9223091,77.6269425
12.9227649,77.6290907
12.9176571,77.6330288
12.9010474,77.6326708
12.9223091,77.6269425
12.9176571,77.6330288
12.9162107,77.6323128
12.9162107,77.6323128
12.9162107,77.6323128
12.9159369,77.6265845
12.9159369,77.6265845
12.9186136,77.6308808
12.9223091,77.6269425
12.9619036,77.5617627
12.9517209,77.5409833
12.9514025,77.5416999
12.9543307,77.5438496
12.9183278,77.6320555
12.9177971,77.6320332
12.9181577,77.6321898
12.9181071,77.6320555
12.9179526,77.6306682
12.9179284,77.6306235
12.9179179,77.6306347
12.917947,77.6306782
12.9179642,77.6306794
12.917947,77.6306782
12.9184234,77.6319772
12.918147,77.631966
12.9181114,77.6321451
12.9179526,77.6306682
12.9179526,77.6306682
12.9179642,77.6306794
12.9179642,77.6306794
12.917947,77.6306782
12.917958,77.6321674
12.9184833,77.6320779
12.918021,77.6321003
12.917947,77.6306782
12.917947,77.6306782
12.917947,77.6306782
12.9179957,77.6320332
12.9178327,77.6318542
12.9178548,77.6318542
12.9179526,77.6306682
12.9178906,77.6319938
12.917982,77.6319772
12.917982,77.6319772
12.9179305,77.6306682
12.917947,77.6306782
12.917947,77.6306782
12.9179526,77.6306682
12.9179537,77.6306906
12.9179526,77.6306682
12.9179537,77.6306906
12.917947,77.6306782
12.9179526,77.6306682
12.9179526,77.6306682
12.9179979,77.6320779
12.9178203,77.6320555
12.9179884,77.6321115
12.9178906,77.6319938
12.9179526,77.6306682
12.9179526,77.6306682
12.9179526,77.6306682
12.9179526,77.6306682
12.917947,77.6306782
12.9181281,77.6320332
12.9180345,77.6319213
12.9179075,77.6320332
12.9179883,77.6318765
12.9178234,77.6307354
12.9179526,77.6306682
12.9179526,77.6306682
12.9179526,77.6306682
12.9179526,77.6306682
12.9179526,77.6306682
12.9179504,77.6306235
12.9179642,77.6306794
12.9179642,77.6306794
12.9179526,77.6306682
12.917947,77.6306782
12.9179526,77.6306682
12.917947,77.6306782
12.9178906,77.6319938
12.9179352,77.6319739
12.9178906,77.6319938
12.918024,77.6319325
12.9178432,77.631843
12.9179526,77.6306682
12.9180561,77.6303275
12.9180335,77.6318989
12.9180283,77.632022
12.917947,77.6306782
12.9180167,77.6320108
12.9179515,77.6306459
12.9179515,77.6306459
12.917947,77.6306782
12.9179526,77.6306682
12.9179526,77.6306682
12.9177971,77.6320332
12.9179893,77.6318989
12.9181847,77.6318318
12.9179526,77.6306682
12.9179526,77.6306682
12.9178865,77.6320555
12.9179968,77.6320555
12.917947,77.6306782
12.9180335,77.6318989
12.9180566,77.6319213
12.9315964,77.6013072
12.9328325,77.6123632
12.9183509,77.6320779
12.9183926,77.6320666
12.9181378,77.6322346
12.9179526,77.6306682
12.9179526,77.6306682
12.9179526,77.6306682
12.9179526,77.6306682
12.9179526,77.6306682
12.9179737,77.6320332
12.9179947,77.6320108
12.9178906,77.6319938
12.9181395,77.6318094
12.9058362,77.6299187
12.917962,77.6306347
12.9178906,77.6319938
12.9178906,77.6319938
12.9178904,77.6305228
12.9178904,77.6305228
12.9178904,77.6305228
12.91764,77.6326708
12.91764,77.6326708
12.9162107,77.6323128
12.9178904,77.6305228
12.9169852,77.6337449
12.91764,77.6326708
12.9179526,77.6306682
12.9179526,77.6306682
12.9179526,77.6306682
12.9178411,77.6317982
12.9179641,77.6318318
12.9179526,77.6306682
12.91792,77.6306794
12.9179526,77.6306682
12.9179526,77.6306682
12.9179526,77.6306682
12.9180009,77.6319101
12.9179968,77.6320555
12.9179526,77.6306682
12.917941,77.6306571
12.9179526,77.6306682
12.9180367,77.631966
12.9180767,77.6321115
12.9180619,77.6320332
12.9179526,77.6306682
12.9179526,77.6306682
12.9179747,77.6306682
12.9180861,77.6320779
12.918105,77.6320108
12.918105,77.6320108
12.9180125,77.6319213
12.918105,77.6320108
12.9179526,77.6306682
12.9179526,77.6306682
12.9178904,77.6305228
12.9178904,77.6305228
12.9178904,77.6305228
12.91629,77.6265845
12.9178904,77.6305228
12.91764,77.6326708
12.91764,77.6326708
12.9169852,77.6337449
12.91764,77.6326708
12.91764,77.6326708
12.91764,77.6326708
12.91764,77.6326708
12.91629,77.6265845
13.0289799,77.5610463
12.91629,77.6265845
12.9186136,77.6308808
12.9186136,77.6308808
12.9178904,77.6305228
12.91764,77.6326708
12.91764,77.6326708
12.91764,77.6326708
12.91764,77.6326708
12.91764,77.6326708
12.91764,77.6326708
12.9178853,77.6306459
12.9178853,77.6306459
12.9178853,77.6306459
12.9178853,77.6306459
12.893145,77.615098
12.3088581,78.4898565
12.3045932,78.7937331
12.9178402,77.6320108
12.9178864,77.6306682
12.9179074,77.6306459
12.9178853,77.6306459
12.9178853,77.6306459
12.9179747,77.6320555
12.9179002,77.6321115
12.9179023,77.6319641
12.9178853,77.6306459
12.9178853,77.6306459
12.9178853,77.6306459
12.9180178,77.6320332
12.9179053,77.6319884
12.9179074,77.6306459
12.9179074,77.6306459
12.9179284,77.6306235
12.9179789,77.6319326
12.918044,77.631975
12.9179801,77.6319852
12.9179801,77.6319852
12.9179801,77.6319852
12.9180066,77.6319546
12.9180943,77.6318877
12.9163129,77.6313627
12.9180009,77.6319326
12.9180009,77.6319326
12.9089448,77.6509713
12.9180282,77.6319933
12.9179644,77.6319672
12.9179548,77.6321646
12.9179411,77.6305524
12.9178365,77.6306066
12.9178365,77.6306066
12.9178365,77.6306066
12.9180053,77.6320048
12.9179947,77.6319554
12.9179334,77.6318866
12.9177782,77.6308788
12.9177782,77.6308788
12.9177782,77.6308788
12.9177782,77.6308788
12.9180692,77.6319364
12.9180692,77.6319364
12.9178603,77.6306964
12.91769,77.6304572
12.91769,77.6304572
12.91769,77.6304572
12.91769,77.6304572
12.91769,77.6304572
12.91769,77.6304572
12.9180011,77.6319643
12.9179026,77.630564
12.9180663,77.6319241
12.9180663,77.6319241
12.9180024,77.6319732
12.9184618,77.6321224
12.9184618,77.6321224
12.9179751,77.6318303
12.9179751,77.6318303
12.9180566,77.6319213
12.9178841,77.6319886
12.9179212,77.6320891
12.9178853,77.6306459
12.9162278,77.6326708
12.9179284,77.6306235
12.9179284,77.6306235
12.9179273,77.6306011
12.9180347,77.6321562
12.9181007,77.6319213
12.9179064,77.6320108
12.9175971,77.6315409
12.9179284,77.6306235
12.9179074,77.6306459
12.9180356,77.6319437
12.9182701,77.6320641
12.91786,77.6305787
12.9179569,77.6307578
12.9177697,77.6319213
12.9176571,77.6330288
12.9227649,77.6290907
12.9186136,77.6308808
12.9223091,77.6269425
12.9170023,77.6341029
12.9170023,77.6341029
12.8962249,77.6351769
12.8935034,77.6373248
12.9162107,77.6323128
12.9186136,77.6308808
12.9159369,77.6265845
12.9159369,77.6265845
12.9509975,77.540625
12.9543307,77.5438496
12.9543307,77.5438496
12.9543307,77.5438496
12.9179284,77.6306235
12.917962,77.6306347
12.917962,77.6306347
12.917962,77.6306347
12.9180684,77.6321674
12.9182143,77.6319884
12.9178906,77.6319938
12.9181071,77.6320555
12.9180662,77.6321227
12.9180545,77.6318765
12.918042,77.6320779
12.9180345,77.6319213
12.9180598,77.6319884
12.9179526,77.6306682
12.9179642,77.6306794
12.9179642,77.6306794
12.917941,77.6306571
12.9179537,77.6306906
12.917947,77.6306782
12.9180093,77.6318542
12.9180399,77.6320332
12.9178036,77.6321674
12.9179526,77.6306682
12.9176149,77.6314514
12.9178662,77.6306177
12.9179537,77.6306906
12.9180232,77.6321451
12.9179989,77.6321003
12.9179548,77.6321003
12.9179295,77.6320332
12.9219731,77.6273006
12.9179515,77.6306459
12.917947,77.6306782
12.9179526,77.6306682
12.9178897,77.6321227
12.9179452,77.6318989
12.9180167,77.6320108
12.9179736,77.6306459
12.9237461,77.631018
12.9170492,77.6348525
12.9169852,77.6337449
12.91794,77.632022
12.9179441,77.6318765
12.9180324,77.6318765
12.922093,77.6298067
12.9179526,77.6306682
12.9179526,77.6306682
12.9179526,77.6306682
12.9179526,77.6306682
12.9179526,77.6306682
12.9179526,77.6306682
12.9179526,77.6306682
12.9179537,77.6306906
12.917947,77.6306782
12.9180262,77.6319772
12.9179526,77.6306682
12.9180545,77.6318765
12.9178906,77.6319938
12.9179074,77.6306459
12.9179179,77.6306347
12.9179526,77.6306682
12.9179526,77.6306682
12.9178591,77.6319437
12.9178906,77.6319938
12.9181303,77.6320779
12.9180441,77.6321227
12.9179139,77.6321674
12.918024,77.6319325
12.9180367,77.631966
12.9179349,77.6321451
12.9179526,77.6306682
12.9179294,77.6306459
12.9179526,77.6306682
12.917947,77.6306782
12.918066,77.6318877
12.9186267,77.6313843
12.9179305,77.6306682
12.9179515,77.6306459
12.9179747,77.6306682
12.9179989,77.6321003
12.9181071,77.6320555
12.9181071,77.6320555
12.918063,77.6320555
12.917941,77.6306571
12.9179526,77.6306682
12.9179526,77.6306682
12.9179526,77.6306682
12.9179526,77.6306682
12.9179915,77.6319437
12.9178864,77.6306682
12.917962,77.6306347
12.91764,77.6326708
12.91764,77.6326708
12.9162107,77.6323128
12.9162107,77.6323128
12.9179526,77.6306682
12.9179526,77.6306682
12.9179526,77.6306682
12.9180221,77.6321227
12.9179118,77.6321227
12.9180441,77.6321227
12.9181292,77.6320555
12.9180598,77.6319884
12.9179526,77.6306682
12.9179526,77.6306682
12.9180167,77.6320108
12.917983,77.6306123
12.9184992,77.6321096
12.9179305,77.6306682
12.9179526,77.6306682
12.9179526,77.6306682
12.9180367,77.631966
12.9179526,77.6306682
12.9179526,77.6306682
12.9179526,77.6306682
12.9179537,77.6306906
12.9179526,77.6306682
12.918105,77.6320108
12.9179284,77.6306235
12.918084,77.6320332
12.9179526,77.6306682
12.9179526,77.6306682
12.9181954,77.6320555
12.9181292,77.6320555
12.9162107,77.6323128
12.91764,77.6326708
12.9178904,77.6305228
12.9178904,77.6305228
12.9178904,77.6305228
12.9169852,77.6337449
12.91764,77.6326708
12.91764,77.6326708
12.91629,77.6265845
12.9186136,77.6308808
12.91629,77.6265845
12.91764,77.6326708
12.91764,77.6326708
12.91764,77.6326708
12.91764,77.6326708
12.9178962,77.6306544
12.9178962,77.6306544
12.9180052,77.6319996
12.8715873,77.6520898
12.7197149,77.8711423
12.9994256,77.9394959
12.9180377,77.6319884
12.9179327,77.6321003
12.9178676,77.6321227
12.9178853,77.6306459
12.9178853,77.6306459
12.9178853,77.6306459
12.9178853,77.6306459
12.9180587,77.631966
12.9180377,77.6319884
12.9180262,77.6319772
12.9180022,77.63202
12.9180691,77.6319522
12.9178766,77.6319715
12.9178853,77.6306459
12.9178853,77.6306459
12.9179724,77.6319402
12.9179782,77.6319328
12.9180178,77.6320332
12.9178843,77.6320108
12.9179837,77.6319868
12.9178853,77.6306459
12.9181281,77.6320332
12.9178548,77.6318542
12.917977,77.6319876
12.9179074,77.6306459
12.9179074,77.6306459
12.9179074,77.6306459
12.9179179,77.6306347
12.9179722,77.6319372
12.9179969,77.631905
12.9179782,77.6319332
12.9179789,77.6319326
12.9181566,77.6319688
12.918044,77.631975
12.9180295,77.631953
12.917955,77.6319297
12.9179801,77.6319852
12.9179801,77.6319852
12.9179801,77.6319852
12.9179801,77.6319852
12.9179862,77.6319115
12.9163129,77.6313627
12.9179307,77.6319802
12.9179307,77.6319802
12.9180009,77.6319326
12.9180009,77.6319326
12.9180009,77.6319326
12.9180009,77.6319326
12.9180164,77.6319926
12.9179474,77.6319792
12.9178338,77.630606
12.9178365,77.6306066
12.9178365,77.6306066
12.9179778,77.631978
12.9180275,77.6319374
12.9179334,77.6318866
12.9177782,77.6308788
12.9177782,77.6308788
12.9177782,77.6308788
12.9180387,77.6319457
12.9179551,77.6319196
12.9180534,77.6318639
12.9180867,77.6319185
12.9178603,77.6306964
11.8053349,78.4374276
12.91769,77.6304572
12.91769,77.6304572
12.91769,77.6304572
12.91769,77.6304572
12.9179026,77.630564
12.9179026,77.630564
12.9179026,77.630564
12.9180663,77.6319241
12.9180609,77.6320108
12.9175982,77.6315633
12.917982,77.6319772
12.9179074,77.6306459
12.9180219,77.6318877
12.9184831,77.6320914
12.8284083,77.7602093
12.9180167,77.6320108
12.9179074,77.6306459
12.9179075,77.6320332
12.9181975,77.6321003
12.9179222,77.6307242
12.9179526,77.6306682
12.9179294,77.6306459
12.917947,77.6306782
12.917947,77.6306782
12.917947,77.6306782
12.9179526,77.6306682
12.9176571,77.6330288
12.9186136,77.6308808
12.9176571,77.6330288
12.9223091,77.6269425
12.9223091,77.6269425
12.9223091,77.6269425
12.8852088,77.6262265
12.8858464,77.6247944
12.8935034,77.6373248
12.9227649,77.6290907
12.9162107,77.6323128
12.9176571,77.6330288
12.9186136,77.6308808
12.9159369,77.6265845
12.9159369,77.6265845
12.9186136,77.6308808
12.9521777,77.5431331
12.9543307,77.5438496
12.9180429,77.6318654
12.9180345,77.6319213
12.917962,77.6306347
12.9179284,77.6306235
12.917962,77.6306347
12.9178719,77.6322122
12.9180052,77.6319996
12.9180609,77.6320108
12.9181502,77.6320332
12.9179537,77.6306906
12.9179526,77.6306682
12.917941,77.6306571
12.9179537,77.6306906
12.9179526,77.6306682
12.917982,77.6319772
12.9180829,77.6320108
12.918021,77.6321003
12.9184833,77.6320779
12.9179756,77.631843
12.9179352,77.6319739
12.917947,77.6306782
12.9179642,77.6306794
12.9179642,77.6306794
12.9179726,77.6320108
12.9179305,77.6306682
12.9179526,77.6306682
12.917947,77.6306782
12.9179537,77.6306906
12.918042,77.6320779
12.9180178,77.6320332
12.9179526,77.6306682
12.918063,77.6320555
12.917947,77.6306782
12.917947,77.6306782
12.9179473,77.6319437
12.9179683,77.6319213
12.9162107,77.6323128
12.9162107,77.6323128
12.9183887,77.6319437
12.9178139,77.6319213
12.9179526,77.6306682
12.9179526,77.6306682
12.917941,77.6306571
12.9179526,77.6306682
12.9179526,77.6306682
12.9180052,77.6319996
12.9176624,77.6317535
12.9344758,77.6012921
12.918066,77.6318877
12.9179352,77.6319739
12.9179075,77.6320332
12.9179352,77.6319739
12.9180682,77.6319325
12.9183926,77.6320666
12.9179602,77.6322122
12.9179526,77.6306682
12.9178633,77.6320332
12.9179747,77.6320555
12.9180221,77.6321227
12.917947,77.6306782
12.917947,77.6306782
12.917947,77.6306782
12.9179527,77.6320555
12.9180523,77.6318318
12.9183719,77.6320555
12.9179352,77.6319739
12.9181406,77.6318318
12.9162107,77.6323128
12.9179769,77.6321003
12.9179515,77.6306459
12.917947,77.6306782
12.917947,77.6306782
12.9180262,77.6319772
12.9180335,77.6318989
12.9328325,77.6123632
12.9184844,77.6321003
12.9179465,77.6321562
12.9180324,77.6318765
12.9179526,77.6306682
12.9179526,77.6306682
12.9179295,77.6320332
12.9180431,77.6321003
12.9176352,77.6318765
12.91764,77.6326708
12.9169852,77.6337449
12.9178904,77.6305228
12.9178904,77.6305228
12.9178904,77.6305228
12.9178904,77.6305228
12.9178904,77.6305228
12.9178904,77.6305228
12.91764,77.6326708
12.9179588,77.6319548
12.91764,77.6326708
12.91629,77.6265845
12.917947,77.6306782
12.9179526,77.6306682
12.9179526,77.6306682
12.9179526,77.6306682
12.9179537,77.6306906
12.9180399,77.6320332
12.9180199,77.6320779
12.917958,77.6321674
12.9179045,77.632201
12.9179966,77.6318206
12.9179295,77.6320332
12.9179642,77.6306794
12.9179526,77.6306682
12.9179526,77.6306682
12.9179526,77.6306682
12.9179778,77.6318877
12.917575,77.6315409
12.9179515,77.6306459
12.9180716,77.6322346
12.9179526,77.6306682
12.9179526,77.6306682
12.91792,77.6306794
12.918042,77.6320779
12.9180849,77.6318206
12.9179779,77.6321227
12.9181489,77.6320166
12.9179526,77.6306682
12.9179515,77.6306459
12.9180851,77.6320555
12.9179295,77.6320332
12.918105,77.6320108
12.9179526,77.6306682
12.9179526,77.6306682
12.9179526,77.6306682
12.9179968,77.6320555
12.9169852,77.6337449
12.9217399,77.6298067
12.9178904,77.6305228
12.9178904,77.6305228
13.0289799,77.5610463
12.9178904,77.6305228
12.91764,77.6326708
12.91629,77.6265845
13.0289799,77.5610463
12.91629,77.6265845
12.91629,77.6265845
12.9169852,77.6337449
12.91764,77.6326708
12.91764,77.6326708
12.91764,77.6326708
12.91764,77.6326708
12.9178853,77.6306459
12.9178853,77.6306459
12.9178853,77.6306459
12.9178853,77.6306459
12.9178853,77.6306459
12.9178853,77.6306459
12.9179096,77.6320779
12.919029,77.6324136
12.7776957,77.7760684
12.9180009,77.6319101
12.917964,77.6304445
12.9179548,77.6321003
12.9179179,77.6306347
12.9178853,77.6306459
12.9178853,77.6306459
12.9178853,77.6306459
12.9178853,77.6306459
12.9180577,77.6319437
12.918147,77.631966
12.9175943,77.6319437
12.9178853,77.6306459
12.9180124,77.6320155
12.9178563,77.6322233
12.9180307,77.6319526
12.9178853,77.6306459
12.9179074,77.6306459
12.9178853,77.6306459
12.9178853,77.6306459
12.9178853,77.6306459
12.9179561,77.6319265
12.9180067,77.6319012
12.9180121,77.6319909
12.9179074,77.6306459
12.9179074,77.6306459
12.9179728,77.6319396
12.9179936,77.6319884
12.9180928,77.6319769
12.9180495,77.6319753
12.9180441,77.6319751
12.918044,77.631975
12.918044,77.631975
12.917999,77.6319606
12.917999,77.6319606
12.917999,77.6319606
12.9179801,77.6319852
12.9179331,77.631906
12.9179829,77.6318937
12.9179395,77.6319311
12.9179431,77.6320708
12.9180837,77.6318904
12.9180837,77.6318904
12.9180837,77.6318904
12.9180837,77.6318904
12.9163129,77.6313627
12.9178319,77.632188
12.9180009,77.6319326
12.9180009,77.6319326
12.9180009,77.6319326
12.9180009,77.6319326
12.9180009,77.6319326
12.9180009,77.6319326
12.9180009,77.6319326
12.9172024,77.6328126
12.9180487,77.6319934
12.9178365,77.6306066
12.9178365,77.6306066
12.9180067,77.6310981
12.9180067,77.6310981
12.9180067,77.6310981
12.9180067,77.6310981
12.9177782,77.6308788
12.9177782,77.6308788
12.9177782,77.6308788
12.9180264,77.6319995
12.9179658,77.6319544
12.9178603,77.6306964
12.9178603,77.6306964
12.918015,77.6319404
12.9177399,77.6325537
12.91769,77.6304572
12.91769,77.6304572
12.91769,77.6304572
12.91769,77.6304572
12.91769,77.6304572
12.91769,77.6304572
12.9179852,77.6319113
12.9179026,77.630564
12.9201786,77.6252611
12.9179686,77.6319281
12.9179751,77.6318303
12.9179751,77.6318303
12.9179085,77.6306682
12.9179063,77.6306235
12.9179284,77.6306235
12.9180377,77.6319884
12.9180566,77.6319213
12.9180524,77.6306794
12.9179074,77.6306459
12.9180157,77.6319884
12.9181239,77.6319437
12.9179882,77.6304892
12.9169852,77.6337449
12.9170645,77.6280166
12.9177708,77.6319437
12.9179179,77.6306347
12.9179074,77.6306459
12.9180872,77.6321003
12.9178962,77.6306544
